0.2933
0.2158
0.2070
0.1979
0.1852
0.1636
0.1434
0.1685
0.1584
0.1507
0.1514
0.1526
0.1419
0.1367
0.1300
0.1456
0.1545
0.1265
0.1220
0.1241
0.1208
0.1277
0.1118
0.1144
0.1159
0.1122
0.1062
0.0949
0.0943
0.0865
0.0972
0.1006
0.1018
0.0975
0.1008
0.0977
0.0938
0.0841
0.0737
0.0803
0.0829
0.0805
0.0793
0.0750
0.0837
0.0766
0.0883
0.0749
0.0740
0.0801
0.0726
0.0654
0.0674
0.0730
0.0653
0.0617
0.0634
0.0647
0.0669
0.0545
0.0612
0.0580
0.0559
0.0518
0.0527
0.0492
0.0492
0.0562
0.0579
0.0504
0.0497
0.0612
0.0593
0.0559
0.0495
0.0475
0.0555
0.0500
0.0421
0.0491
0.0503
0.0540
0.0423
0.0518
0.0533
0.0579
0.0463
0.0535
0.0635
0.0379
0.0394
0.0347
0.0417
0.0434
0.0302
0.0328
0.0409
0.0415
0.0356
0.0435
