0.3096
0.1961
0.1842
0.1730
0.1638
0.1677
0.1562
0.1607
0.1586
0.1443
0.1445
0.1665
0.1434
0.1419
0.1389
0.1453
0.1439
0.1398
0.1391
0.1650
0.1428
0.1560
0.1447
0.1513
0.1481
0.1379
0.1434
0.1647
0.1405
0.1382
0.1584
0.1490
0.1381
0.1369
0.1382
0.1367
0.1367
0.1369
0.1369
0.1367
0.1369
0.1431
0.1552
0.1512
0.1402
0.1405
0.1377
0.1369
0.1364
0.1365
0.1363
0.1360
0.1412
0.1410
0.1379
0.1364
0.1588
0.1404
0.1383
0.1365
0.1364
0.1357
0.1372
0.1423
0.1389
0.1372
0.1425
0.1369
0.1364
0.1386
0.1361
0.1406
0.1362
0.1355
0.1355
0.1379
0.1471
0.1367
0.1364
0.1375
0.1384
0.1357
0.1378
0.1370
0.1366
0.1364
0.1364
0.1360
0.1351
0.1351
0.1354
0.1353
0.1349
0.1350
0.1363
0.1447
0.1407
0.1382
0.1379
0.1348
