0.1699
0.0120
0.0021
0.0011
0.0023
0.0004
0.0003
0.0002
0.0002
0.0001
0.0001
0.0001
0.0001
0.0001
0.0001
0.0001
0.0001
0.0000
0.0000
0.0000
0.0000
0.0000
0.0000
0.0000
0.0069
0.0001
0.0001
0.0000
0.0000
0.0000
0.0000
0.0000
0.0000
0.0000
0.0059
0.0001
0.0000
0.0000
0.0000
0.0000
0.0000
0.0000
0.0012
0.0043
0.0022
0.0000
0.0000
0.0000
0.0057
0.0001
0.0001
0.0000
0.0044
0.0001
0.0024
0.0001
0.0001
0.0000
0.0000
0.0000
0.0000
0.0000
0.0000
0.0000
0.0000
0.0000
0.0000
0.0000
0.0000
0.0000
0.0000
0.0000
0.0000
0.0000
0.0000
0.0000
0.0000
0.0000
0.0000
0.0000
0.0025
0.0024
0.0001
0.0000
0.0000
0.0000
0.0000
0.0000
0.0000
0.0023
0.0000
0.0173
0.0001
0.0001
0.0001
0.0001
0.0001
0.0001
0.0006
0.0001
