0.3088
0.0533
0.0395
0.0407
0.0316
0.0395
0.0351
0.0405
0.0398
0.0329
0.0355
0.0301
0.0301
0.0371
0.0274
0.0340
0.0308
0.0363
0.0279
0.0360
0.0327
0.0419
0.0334
0.0326
0.0310
0.0344
0.0360
0.0327
0.0278
0.0317
0.0360
0.0280
0.0350
0.0287
0.0362
0.0318
0.0302
0.0367
0.0274
0.0428
0.0302
0.0323
0.0324
0.0307
0.0292
0.0304
0.0302
0.0319
0.0282
0.0347
0.0333
0.0338
0.0266
0.0328
0.0278
0.0278
0.0298
0.0276
0.0275
0.0332
0.0306
0.0370
0.0341
0.0309
0.0268
0.0283
0.0281
0.0351
0.0307
0.0267
0.0252
0.0306
0.0270
0.0318
0.0286
0.0287
0.0307
0.0342
0.0622
0.0253
0.0277
0.0281
0.0224
0.0251
0.0282
0.0306
0.0295
0.0286
0.0277
0.0299
0.0350
0.0264
0.0287
0.0304
0.0294
0.0254
0.0252
0.0431
0.0301
0.0322
