0.2949
0.2385
0.2118
0.1930
0.2026
0.1861
0.1734
0.1721
0.1569
0.1495
0.1543
0.1534
0.1371
0.1360
0.1412
0.1330
0.1465
0.1195
0.1257
0.1297
0.1263
0.1138
0.1195
0.1073
0.1090
0.1086
0.1073
0.1017
0.1105
0.1057
0.0950
0.0902
0.0892
0.1046
0.0921
0.0858
0.0882
0.0876
0.0831
0.0744
0.0706
0.0828
0.0632
0.0705
0.0828
0.0932
0.0748
0.0649
0.0690
0.0716
0.0646
0.0610
0.0562
0.0733
0.0698
0.0581
0.0612
0.0693
0.0583
0.0703
0.0635
0.0588
0.0573
0.0631
0.0560
0.0654
0.0608
0.0494
0.0515
0.0477
0.0503
0.0538
0.0598
0.0500
0.0441
0.0527
0.0393
0.0394
0.0418
0.0455
0.0440
0.0470
0.0475
0.0534
0.0532
0.0511
0.0505
0.0451
0.0444
0.0508
0.0471
0.0402
0.0333
0.0532
0.0406
0.0599
0.0371
0.0449
0.0439
0.0373
